0,273
0,270
66,35
3,2
3,1
3,3
10,285
10,115
10,87
10,187
10,151
10,209
8,6
8,12
8,11
8,10
8,4
8,7
8,2
8,3
54,3
54,1
53,3
53,1
50,3
50,1
48,3
48,1
46,3
46,1
45,3
45,1
44,3
44,1
42,3
42,1
32,3
32,2
32,1
32,0
20,3
20,2
20,1
19,3
19,2
19,1
12,3
12,2
12,1
11,27
11,26
11,25
11,24
11,23
11,22
11,21
11,20
11,19
11,18
11,17
11,16
11,15
11,14
11,13
11,12
11,11
11,10
11,9
11,8
11,7
11,6
11,5
11,4
11,3
11,2
11,1
10,301
10,300
10,299
10,298
10,297
10,296
10,293
10,292
10,284
10,282
10,281
10,278
10,271
10,270
10,269
10,261
10,257
10,254
18,1
10,248
18,3
10,246
10,242
10,236
10,234
14,1
10,233
